-58.76 77.224 102.675
-63.34 38.767 130.186
-60.65 26.085 116.152
-59.28 5.1773 113.316
-57.77 -0.517 107.615
-58.69 -9.820 112.532
-58.48 -18.42 107.259
-56.08 -52.87 99.0759
-73.67 70.981 81.6301
-38.68 71.782 88.2533
-99.08 69.747 71.5033
-10.87 72.899 90.7127
-76.98 32.648 106.875
-42.03 34.735 112.487
-73.35 31.275 96.5618
-40.92 33.635 102.207
-69.50 25.237 105.243
-47.19 26.132 109.699
-65.64 8.4274 111.171
-51.79 8.1509 114.373
-80.38 -1.478 90.0453
-30.45 0.3736 101.115
-113.2 42.451 -11.340
33.841 48.152 22.2893

























