-9.918234252929687500e+01 6.912313842773437500e+01 7.136227416992187500e+01
-7.401901245117187500e+01 6.955497741699218750e+01 8.171587371826171875e+01
-6.046488571166992188e+01 7.486529541015625000e+01 1.034427795410156250e+02
-3.871785354614257812e+01 7.041255187988281250e+01 8.894252014160156250e+01
-1.340770912170410156e+01 7.299464416503906250e+01 9.141262054443359375e+01
-6.284386825561523438e+01 3.987235260009765625e+01 1.301655120849609375e+02
-6.044312667846679688e+01 2.551045227050781250e+01 1.153026046752929688e+02
-7.829376220703125000e+01 -1.141969680786132812e+00 9.158171081542968750e+01
-5.943142700195312500e+01 3.714563608169555664e+00 1.127626800537109375e+02
-3.323439788818359375e+01 6.225869432091712952e-02 1.015852508544921875e+02
-5.919955444335937500e+01 -1.031235504150390625e+01 1.123497009277343750e+02
-5.481073379516601562e+01 -5.281999969482421875e+01 9.930702972412109375e+01
