0.841203 27.823767 71.054604
1.920920 -10.332386 96.184814
0.915709 -23.982727 82.465103
0.787833 -38.098995 84.082283
0.451419 -44.057148 80.028099
0.537446 -52.014996 82.527985
0.050632 -61.202209 77.417839
-0.808532 -88.873100 69.849121
-15.533957 14.970052 58.937206
15.509674 14.632400 56.822990
-42.912113 16.082150 54.495655
42.005371 14.689348 49.791225
-15.658805 -15.777156 78.116753
17.021307 -16.270884 76.447411
-16.257010 -17.322363 72.080620
16.813179 -17.937489 69.928391
-7.970936 -23.151897 78.512222
9.343306 -23.501095 77.578499
-5.020401 -36.607056 83.687668
6.693290 -36.816757 82.985275
-23.655375 -47.151752 70.144264
23.038666 -47.655514 67.419083
-74.163025 -6.985283 -13.570080
64.357010 -8.935606 -21.146996
